3

6 - 10

6, 1, 2, 5, 4, 3
10, 5, 7, 12, 8, 6

50 - 850

7, 0, 30, 22, 80, 94, 11, 81, 70, 64, 59, 18, 0, 36, 3, 8, 15, 42, 9, 0, 42, 47, 52, 32, 26, 48, 55, 6, 29, 84, 2, 4, 18, 56, 7, 29, 93, 44, 71, 3, 86, 66, 31, 65, 0, 79, 20, 65, 52, 13
360, 83, 59, 130, 431, 67, 230, 52, 93, 125, 670, 892, 600, 38, 48, 147, 78, 256, 63, 17, 120, 164, 432, 35, 92, 110, 22, 42, 50, 323, 514, 28, 87, 73, 78, 15, 26, 78, 210, 36, 85, 189, 274, 43, 33, 10, 19, 389, 276, 312

40 - 100000

2815, 1503, 2916, 9073, 3743, 6124, 9004, 6929, 4795, 9053, 6722, 5634, 5892, 3727, 5113, 8524, 3838, 6962, 7952, 7632, 4831, 9549, 3481, 1879, 1472, 3469, 4641, 1811, 4510, 6414, 1336, 3369, 8018, 3253, 8963, 8486, 6248, 2399, 8477, 1692
4388, 6250, 4556, 5356, 3288, 3917, 7616, 7524, 9769, 3236, 2695, 3524, 7411, 1719, 2480, 9116, 4389, 2392, 1611, 9496, 4140, 7373, 2723, 8654, 5390, 9758, 4262, 8891, 2577, 3643, 6316, 7635, 5006, 1336, 6863, 8826, 2376, 1256, 8691, 2395