419785
695312
288787
400174
652391
670226
516102
361501
587112
336177
397299
221128
308911
622123
190201
454283
620255
155647
104743
348170
488067
223325
250096
383346
611539
687365
655797
662590
341707
265386
447728
243046
684344
479351
360640
128327
617197
279687
468126
376479
653124
451244
311457
680297
279925
607053
508448
276116
208621
676196
423777
537489
261046
492187
581729
109668
228123
387887
202890
341523
530164
603317
345863
670867
410410
612656
635307
519672
692877
376608
657537
555196
436064
426432
605057
673339
513520
385781
251030
160683
452617
636845
435203
391202
362819
136604
142244
513813
284631
490173
554189
287561
390506
286444
157552
520038
368935
603482
687274
265642
223014
288769
187674
439836
214719
121534
172860
405795
386111
462688
166652
189322
388730
698975
604123
278845
652556
687530
575686
266100
225431
507147
595059
284375
114759
522272
472100
500024
262108
466332
672222
213932
182455
150209
243193
228928
399094
502661
290948
439415
305359
348354
685241
499567
384848
230210
176833
326270
220743
282067
207248
493194
226182
457982
392135
471825
326234
324494
360018
176449
523408
121937
127119
368532
177346
301202
489953
177200
330427
642100
416544
492242
510205
359633
117963
685205
339985
304462
180990
415574
389151
263646
643474
577902
593759
268133
593374
146071
279467
113074
373165
371297
517493
597348
370217
489605
244987
688299
275036
595663
681268
118384
588192
638530
470782
419602
657280
396292
284503
101813
425407
185055
510718
381936
172036
559371
566292
369301
627891
159529
260240
514270
144551
162697
340333
425773
300946
693646
254015
264251
426872
651494
455327
216385
225651
108789
688519
657628
576840
539119
379977
508686
100128
229313
369668
592825
362014
532948
113147
499402
506067
520808
385617
560524
188516
485101
219114
446721
600040
253337
504291
588119
255040
168209
587661
327149
529981
289795
296075
209262
231602
276244
319202
517676
176559
299170
181503
458477
663598
650249
534999
302631
219590
394809
603867
690551
100623
529157
512311
205948
129426
597641
526887
425169
550417
225559
344508
347987
283422
524580
657390
216404
257732
626481
526264
227647
407242
501727
592953
347310
208292
519141
263701
529450
341340
502661
694543
349324
357656
141804
509583
355477
132356
511744
284155
546956
585134
159511
323359
682458
649535
512384
567611
227134
372671
264837
356484
243760
526026
100275
281976
233982
208841
403708
262420
636534
225468
121772
268407
388089
517676
426212
231895
253520
633293
337129
169729
131220
512531
562319
653014
440367
373055
308728
453148
595810
575100
322645
496435
477392
248009
514417
157808
299390
359267
624357
425498
586801
407407
685809
567537
664312
419987
141804
431431
364614
437913
171487
408469
362050
167238
282434
393454
437785
580044
325391
571694
682989
544942
187436
563948
146126
469518
519984
360933
330702
634776
357656
178610
249455
203751
384628
265203
641679
185147
504273
191665
459502
133180
468786
456426
229698
265166
624650
535951
197031
577737
130378
412131
655541
243376
503046
308069
173885
268133
449065
263079
321326
691870
636497
278607
599948
112433
164364
265954
590188
214975
385507
527290
215159
287359
239219
201004
130708
603391
549886
402994
346687
254692
247990
494659
286554
512860
169472
209134
190786
502716
389956
267235
470910
468291
149971
413669
119941
612619
127448
105585
386038
592532
513721
184213
414878
249876
649242
560781
667864
660283
275420
648381
221549
680682
358718
570669
155373
677056
543056
278735
333210
213327
187271
607602
585372
183059
643455
403122
197415
364669
132502
351137
111719
482098
473290
439689
548146
551442
221549
485614
250169
195456
674767
257091
262676
506726
499329
222813
447618
340883
636314
659697
643767
221329
641826
149678
676873
336396
318543
197635
326545
410263
394424
200894
655980
529249
504932
302118
610715
504035
235118
556624
492938
449815
277581
145375
217392
165078
462835
665062
355110
590555
118036
426048
471331
129298
510700
590207
363790
509803
433116
479113
507752
572298
284338
484405
113733
460765
305542
111206
504566
600845
525147
586142
217685
545454
669915
160775
339271
669329
398508
542524
475945
393454
513337
583139
271026
121076
107215
457121
670830
566018
501270
260643
647740
654918
129664
662462
386239
284741
228306
337935
637980
116334
683081
217759
252220
485742
493982
282049
188095
614176
211881
131642
414475
198312
403452
467541
404257
361757
100989
509674
428867
649022
693371
486639
559444
443516
614029
627085
580960
290472
682678
384481
125434
106262
656621
126368
430570
555306
248265
619193
429966
375674
164711
140083
581307
135047
225944
147060
538643
397665
317811
138343
475066
584091
636039
432731
562044
304755
377322
101556
611612
448497
334254
384280
387704
407553
149733
218052
192984
119996
487518
213456
437181
311127
274999
506781
393271
614835
474627
420792
248045
356374
339784
364888
652849
477703
612125
105786
280987
586526
215690
440477
598154
410648
305029
602036
351778
238414
422642
230174
386038
626957
622709
637376
688299
159017
317060
401859
673467
530110
499530
419071
212595
346760
105219
242241
411856
117597
360714
243980
447984
417991
681542
429582
266814
109943
573159
233689
650908
598337
691778
331324
262493
204538
121076
594675
368130
239146
421360
626756
651238
254527
306952
603427
418686
458898
508722
454649
608023
172768
277215
516669
500940
109522
283496
485943
150081
360732
573049
406455
624613
668010
529835
521375
481384
262365
306110
120380
367763
252532
474682
614139
362160
443059
559481
366701
158925
164089
401090
317591
503467
393490
213236
124464
384060
552834
286444
257823
386660
458568
395376
578780
118604
209391
465783
631407
107984
691339
157552
580776
284484
481457
120051
227921
648125
231877
175863
432969
432200
114960
189431
177786
166616
211203
676617
199301
547798
220743
511560
424802
121516
580227
187088
340333
684930
165719
184835
323762
213858
463512
511396
473345
221879
589438
556752
363277
157186
238395
531190
457561
343629
345369
637065
213236
472137
538716
431468
204300
148817
567483
536207
297632
505902
583779
151326
612088
181814
261449
328449
292083
276757
632322
459850
226841
189761
221220
340260
546608
143727
161306
656731
227024
104596
270348
463567
433152
100934
169948
698151
333815
650084
628385
294024
218363
497241
608536
547560
646239
573782
202286
694305
461205
580758
132319
351430
401291
104193
202890
182363
135560
268316
580557
240043
259215
432749
486273
544777
678008
340168
580209
353279
313526
420756
620127
674932
360311
459282
475048
491418
426231
131550
275182
236381
587240
416068
579440
590847
487957
387484
141694
551112
119117
397812
557302
224918
603189
151912
370730
312757
619541
283221
525971
129737
600278
136274
140596
525056
127979
361995
285125
354836
666747
632157
148378
664879
257512
479296
270769
439103
109339
168191
226164
470708
117377
605313
633988
411435
239256
392245
482537
155867
360732
429801
244951
216605
582241
378384
568984
246764
557210
381606
421836
566018
413761
158815
671343
446226
690680
473180
184671
413431
