11
5 20
20 32 42 23 12
23 12 2  1  3
11 52
219 276 106 126 63 213 293 252 73 43 12 
204 151 102 94 176 276 11 145 78 152 278 
12 61
202 223 216 261 131 114 13 232 74 174 278 111 
102 26 186 245 167 257 149 98 151 147 254 286 
20 13
120 202 266 259 294 212 248 73 65 56 239 109 31 24 239 299 172 227 93 183 
10 210 9 299 253 189 41 87 121 233 182 58 103 28 299 181 239 287 70 74 
10 34
191 154 292 115 70 150 28 101 29 39 
131 172 287 112 79 63 257 208 295 277 
21 41
153 47 277 285 284 279 156 57 10 299 17 292 76 145 144 46 119 36 197 183 157 
224 105 185 278 17 2 55 256 165 55 216 6 45 271 38 3 87 231 106 226 18 
19 65
31 221 10 242 139 299 170 165 19 82 214 11 71 283 234 14 135 138 226 
212 150 87 171 256 121 280 279 109 25 190 70 18 231 12 201 120 151 187 
19 74
223 227 32 223 100 42 124 268 158 213 230 102 258 62 144 207 255 125 147 
272 142 115 98 179 110 19 137 156 122 165 114 38 76 110 128 4 248 107 
14 44
168 130 166 75 115 214 259 183 28 182 118 223 210 29 
176 242 267 208 287 58 126 179 226 50 187 41 286 268 
18 93
122 136 119 290 161 37 7 239 193 253 256 176 62 279 145 151 284 22 
157 237 218 281 27 147 131 48 248 151 46 22 31 69 234 54 52 54 
8 40
286 266 212 284 18 251 164 96 
107 105 130 161 42 42 12 22 

